%YAML:1.0
---
camMatrix: !!opencv-matrix
   rows: 3
   cols: 3
   dt: d
   data: [ 1.1577793009665786e+03, 0., 6.6711105370026416e+02, 0.,
       1.1528229127166371e+03, 3.8612893750147731e+02, 0., 0., 1. ]
distortion: !!opencv-matrix
   rows: 1
   cols: 5
   dt: d
   data: [ -2.4688775276586916e-01, -2.3731326141142015e-02,
       -1.0984193291346811e-03, 3.5107911961342107e-04,
       -2.5857092823532704e-03 ]
